255 255 255 255 255 255 255 255 255 255 255 255 255 255 255 255
255 226 180 180 178 232 229 217 211 206 220 178 180 180 226 255
255 180 154 151 128 170 164 187 109  96 171 128 151 154 180 255
255 180 151  38 110 168 130 162 103 131 163 110  38 151 180 255
255 178 128 110 104 154 103 121 130  90 146 104 110 128 178 255
255 216 148 148 165 171  87  95 192 120 166 171 172 167 232 255
255 196 122 132 124  82  98 147 117 105  85 123 177 111 221 255
255 192 143  75 144 167 120 166 116 111 144 109 164 116 178 255
255 231 161 119 147  99 106 167 116 138 181 145 121  78 204 255
255 244 107 131 120 127 111  86 168 123 111 149 116 160 206 255
255 232 155 158 175 182  90 141 100  99 149 133  38 152 233 255
255 178 128 110 104 162 106 168  88  80 130 114  49  31 170 255
255 180 151  38 110 143  51 129 185 133  96 105 102  55 172 255
255 180 154 151 128 143  16  59 207 134 123  84  87 154 180 255
255 226 180 180 178 216 173 193 252 247 229 174 172 180 226 255
255 255 255 255 255 255 255 255 255 255 255 255 255 255 255 255
255 255 255 255 255 255 255 255 255 255 255 255 255 255 255 255
255 226 180 180 178 232 229 217 211 206 220 178 180 180 226 255
255 180 154 151 128 170 164 187 109  96 171 128 151 154 180 255
255 180 151  38 110 168 130 162 103 131 163 110  38 151 180 255
255 178 128 110 104 154 103 121 130  90 146 104 110 128 178 255
255 216 148 148 165 171  87  95 192 120 166 171 172 167 232 255
255 196 122 132 124  82  98 147 117 105  85 123 177 111 221 255
255 192 143  75 144 167 120 166 116 111 144 109 164 116 178 255
255 231 161 119 147  99 106 167 116 138 181 145 121  78 204 255
255 244 107 131 120 127 111  86 168 123 111 149 116 160 206 255
255 232 155 158 175 182  90 141 100  99 149 133  38 152 233 255
255 178 128 110 104 162 106 168  88  80 130 114  49  31 170 255
255 180 151  38 110 143  51 129 185 133  96 105 102  55 172 255
255 180 154 151 128 143  16  59 207 134 123  84  87 154 180 255
255 226 180 180 178 216 173 193 252 247 229 174 172 180 226 255
255 255 255 255 255 255 255 255 255 255 255 255 255 255 255 255
255 255 255 255 255 255 255 255 255 255 255 255 255 255 255 255
255 226 180 180 178 232 229 217 211 206 220 178 180 180 226 255
255 180 154 151 128 170 164 187 109  96 171 128 151 154 180 255
255 180 151  38 110 168 130 162 103 131 163 110  38 151 180 255
255 178 128 110 104 154 103 121 130  90 146 104 110 128 178 255
255 216 148 148 165 171  87  95 192 120 166 171 172 167 232 255
255 196 122 132 124  82  98 147 117 105  85 123 177 111 221 255
255 192 143  75 144 167 120 166 116 111 144 109 164 116 178 255
255 231 161 119 147  99 106 167 116 138 181 145 121  78 204 255
255 244 107 131 120 127 111  86 168 123 111 149 116 160 206 255
255 232 155 158 175 182  90 141 100  99 149 133  38 152 233 255
255 178 128 110 104 162 106 168  88  80 130 114  49  31 170 255
255 180 151  38 110 143  51 129 185 133  96 105 102  55 172 255
255 180 154 151 128 143  16  59 207 134 123  84  87 154 180 255
255 226 180 180 178 216 173 193 252 247 229 174 172 180 226 255
255 255 255 255 255 255 255 255 255 255 255 255 255 255 255 255

255 255 255 255 255 255 255 255 255 255 255 255 255 255 255 255
255 227 180 181 178 233 221 179 205 206 234 171 173 180 227 255
255 180 154 152 128 167 112 116  78 160 153  31  55 154 180 255
255 181 152  38 110 172 178 165 122 116  38  49 102  87 173 255
255 178 128 110 104 171 123 109 146 149 134 115 106  84 174 255
255 221 172 163 147 166  86 144 181 112 149 130  96 124 229 255
255 207  96 132  90 121 105 112 138 123 100  80 134 134 248 255
255 212 110 104 131 192 117 116 117 168 100  88 185 207 252 255
255 217 187 162 121  96 147 167 167  87 142 168 130  59 193 255
255 230 164 131 104  87  99 120 106 112  91 107  51  17 173 255
255 233 171 168 155 171  83 168 100 127 183 163 144 144 216 255
255 178 128 110 104 166 125 145 147 121 176 104 110 128 178 255
255 181 152  38 110 149 132  76 120 131 158 110  38 152 181 255
255 180 154 152 128 149 122 144 162 107 155 128 152 154 180 255
255 227 180 181 178 217 196 193 231 245 233 178 181 180 227 255
255 255 255 255 255 255 255 255 255 255 255 255 255 255 255 255
255 255 255 255 255 255 255 255 255 255 255 255 255 255 255 255
255 227 180 181 178 233 221 179 205 206 234 171 173 180 227 255
255 180 154 152 128 167 112 116  78 160 153  31  55 154 180 255
255 181 152  38 110 172 178 165 122 116  38  49 102  87 173 255
255 178 128 110 104 171 123 109 146 149 134 115 106  84 174 255
255 221 172 163 147 166  86 144 181 112 149 130  96 124 229 255
255 207  96 132  90 121 105 112 138 123 100  80 134 134 248 255
255 212 110 104 131 192 117 116 117 168 100  88 185 207 252 255
255 217 187 162 121  96 147 167 167  87 142 168 130  59 193 255
255 230 164 131 104  87  99 120 106 112  91 107  51  17 173 255
255 233 171 168 155 171  83 168 100 127 183 163 144 144 216 255
255 178 128 110 104 166 125 145 147 121 176 104 110 128 178 255
255 181 152  38 110 149 132  76 120 131 158 110  38 152 181 255
255 180 154 152 128 149 122 144 162 107 155 128 152 154 180 255
255 227 180 181 178 217 196 193 231 245 233 178 181 180 227 255
255 255 255 255 255 255 255 255 255 255 255 255 255 255 255 255
255 255 255 255 255 255 255 255 255 255 255 255 255 255 255 255
255 227 180 181 178 233 221 179 205 206 234 171 173 180 227 255
255 180 154 152 128 167 112 116  78 160 153  31  55 154 180 255
255 181 152  38 110 172 178 165 122 116  38  49 102  87 173 255
255 178 128 110 104 171 123 109 146 149 134 115 106  84 174 255
255 221 172 163 147 166  86 144 181 112 149 130  96 124 229 255
255 207  96 132  90 121 105 112 138 123 100  80 134 134 248 255
255 212 110 104 131 192 117 116 117 168 100  88 185 207 252 255
255 217 187 162 121  96 147 167 167  87 142 168 130  59 193 255
255 230 164 131 104  87  99 120 106 112  91 107  51  17 173 255
255 233 171 168 155 171  83 168 100 127 183 163 144 144 216 255
255 178 128 110 104 166 125 145 147 121 176 104 110 128 178 255
255 181 152  38 110 149 132  76 120 131 158 110  38 152 181 255
255 180 154 152 128 149 122 144 162 107 155 128 152 154 180 255
255 227 180 181 178 217 196 193 231 245 233 178 181 180 227 255
255 255 255 255 255 255 255 255 255 255 255 255 255 255 255 255

255 255 255 255 255 255 255 255 255 255 255 255 255 255 255 255
255 227 180 173 174 229 248 252 193 173 216 178 181 180 227 255
255 180 154  87  84 124 134 207  59  17 144 128 152 154 180 255
255 173  55 102 106  96 134 185 130  51 144 110  38 152 181 255
255 171  31  49 115 130  80  88 168 107 163 104 110 128 178 255
255 234 153  38 134 149 100 100 142  91 183 176 158 155 233 255
255 206 160 116 149 112 123 168  87 112 127 121 131 107 245 255
255 205  78 122 146 181 138 117 167 106 100 147 120 162 231 255
255 179 116 165 109 144 112 116 167 120 168 145  76 144 193 255
255 221 112 178 123  86 105 117 147  99  83 125 132 122 196 255
255 233 167 172 171 166 121 192  96  87 171 166 149 149 217 255
255 178 128 110 104 147  90 131 121 104 155 104 110 128 178 255
255 181 152  38 110 163 132 104 162 131 168 110  38 152 181 255
255 180 154 152 128 172  96 110 187 164 171 128 152 154 180 255
255 227 180 181 178 221 207 212 217 230 233 178 181 180 227 255
255 255 255 255 255 255 255 255 255 255 255 255 255 255 255 255
255 255 255 255 255 255 255 255 255 255 255 255 255 255 255 255
255 227 180 173 174 229 248 252 193 173 216 178 181 180 227 255
255 180 154  87  84 124 134 207  59  17 144 128 152 154 180 255
255 173  55 102 106  96 134 185 130  51 144 110  38 152 181 255
255 171  31  49 115 130  80  88 168 107 163 104 110 128 178 255
255 234 153  38 134 149 100 100 142  91 183 176 158 155 233 255
255 206 160 116 149 112 123 168  87 112 127 121 131 107 245 255
255 205  78 122 146 181 138 117 167 106 100 147 120 162 231 255
255 179 116 165 109 144 112 116 167 120 168 145  76 144 193 255
255 221 112 178 123  86 105 117 147  99  83 125 132 122 196 255
255 233 167 172 171 166 121 192  96  87 171 166 149 149 217 255
255 178 128 110 104 147  90 131 121 104 155 104 110 128 178 255
255 181 152  38 110 163 132 104 162 131 168 110  38 152 181 255
255 180 154 152 128 172  96 110 187 164 171 128 152 154 180 255
255 227 180 181 178 221 207 212 217 230 233 178 181 180 227 255
255 255 255 255 255 255 255 255 255 255 255 255 255 255 255 255
255 255 255 255 255 255 255 255 255 255 255 255 255 255 255 255
255 227 180 173 174 229 248 252 193 173 216 178 181 180 227 255
255 180 154  87  84 124 134 207  59  17 144 128 152 154 180 255
255 173  55 102 106  96 134 185 130  51 144 110  38 152 181 255
255 171  31  49 115 130  80  88 168 107 163 104 110 128 178 255
255 234 153  38 134 149 100 100 142  91 183 176 158 155 233 255
255 206 160 116 149 112 123 168  87 112 127 121 131 107 245 255
255 205  78 122 146 181 138 117 167 106 100 147 120 162 231 255
255 179 116 165 109 144 112 116 167 120 168 145  76 144 193 255
255 221 112 178 123  86 105 117 147  99  83 125 132 122 196 255
255 233 167 172 171 166 121 192  96  87 171 166 149 149 217 255
255 178 128 110 104 147  90 131 121 104 155 104 110 128 178 255
255 181 152  38 110 163 132 104 162 131 168 110  38 152 181 255
255 180 154 152 128 172  96 110 187 164 171 128 152 154 180 255
255 227 180 181 178 221 207 212 217 230 233 178 181 180 227 255
255 255 255 255 255 255 255 255 255 255 255 255 255 255 255 255

255 255 255 255 255 255 255 255 255 255 255 255 255 255 255 255
255 227 180 181 178 233 245 231 193 196 217 178 181 180 227 255
255 180 154 152 128 155 107 162 144 122 149 128 152 154 180 255
255 181 152  38 110 158 131 120  76 132 149 110  38 152 181 255
255 178 128 110 104 176 121 147 145 125 166 104 110 128 178 255
255 216 144 144 163 183 127 100 168  83 171 155 168 171 233 255
255 173  17  51 107  91 112 106 120  99  87 104 131 164 230 255
255 193  59 130 168 142  87 167 167 147  96 121 162 187 217 255
255 252 207 185  88 100 168 117 116 117 192 131 104 110 212 255
255 248 134 134  80 100 123 138 112 105 121  90 132  96 207 255
255 229 124  96 130 149 112 181 144  86 166 147 163 172 221 255
255 174  84 106 115 134 149 146 109 123 171 104 110 128 178 255
255 173  87 102  49  38 116 122 165 178 172 110  38 152 181 255
255 180 154  55  31 153 160  78 116 112 167 128 152 154 180 255
255 227 180 173 171 234 206 205 179 221 233 178 181 180 227 255
255 255 255 255 255 255 255 255 255 255 255 255 255 255 255 255
255 255 255 255 255 255 255 255 255 255 255 255 255 255 255 255
255 227 180 181 178 233 245 231 193 196 217 178 181 180 227 255
255 180 154 152 128 155 107 162 144 122 149 128 152 154 180 255
255 181 152  38 110 158 131 120  76 132 149 110  38 152 181 255
255 178 128 110 104 176 121 147 145 125 166 104 110 128 178 255
255 216 144 144 163 183 127 100 168  83 171 155 168 171 233 255
255 173  17  51 107  91 112 106 120  99  87 104 131 164 230 255
255 193  59 130 168 142  87 167 167 147  96 121 162 187 217 255
255 252 207 185  88 100 168 117 116 117 192 131 104 110 212 255
255 248 134 134  80 100 123 138 112 105 121  90 132  96 207 255
255 229 124  96 130 149 112 181 144  86 166 147 163 172 221 255
255 174  84 106 115 134 149 146 109 123 171 104 110 128 178 255
255 173  87 102  49  38 116 122 165 178 172 110  38 152 181 255
255 180 154  55  31 153 160  78 116 112 167 128 152 154 180 255
255 227 180 173 171 234 206 205 179 221 233 178 181 180 227 255
255 255 255 255 255 255 255 255 255 255 255 255 255 255 255 255
255 255 255 255 255 255 255 255 255 255 255 255 255 255 255 255
255 227 180 181 178 233 245 231 193 196 217 178 181 180 227 255
255 180 154 152 128 155 107 162 144 122 149 128 152 154 180 255
255 181 152  38 110 158 131 120  76 132 149 110  38 152 181 255
255 178 128 110 104 176 121 147 145 125 166 104 110 128 178 255
255 216 144 144 163 183 127 100 168  83 171 155 168 171 233 255
255 173  17  51 107  91 112 106 120  99  87 104 131 164 230 255
255 193  59 130 168 142  87 167 167 147  96 121 162 187 217 255
255 252 207 185  88 100 168 117 116 117 192 131 104 110 212 255
255 248 134 134  80 100 123 138 112 105 121  90 132  96 207 255
255 229 124  96 130 149 112 181 144  86 166 147 163 172 221 255
255 174  84 106 115 134 149 146 109 123 171 104 110 128 178 255
255 173  87 102  49  38 116 122 165 178 172 110  38 152 181 255
255 180 154  55  31 153 160  78 116 112 167 128 152 154 180 255
255 227 180 173 171 234 206 205 179 221 233 178 181 180 227 255
255 255 255 255 255 255 255 255 255 255 255 255 255 255 255 255
